0 81 Q
1 89 Y
2 75 K
3 -103 ™
4 -17 ï
5 -84 ¬
6 -61 Ã
7 90 Z
8 64 @
9 -50 Î
10 70 F
11 87 W
12 -107 •
13 86 V
14 126 ~
15 77 M
16 -109 “
17 79 O
18 71 G
19 80 P
20 72 H
21 -96  
22 -52 Ì
23 -112 
24 -104 ˜
25 107 k
26 88 X
27 78 N
28 85 U
29 73 I
30 -115 
31 -94 ¢
32 35 #
33 120 x
34 -101 ›
35 99 c
36 -30 â
37 52 4
38 -77 ³
39 105 i
40 62 >
41 -67 ½
42 95 _
43 116 t
44 -66 ¾
45 63 ?
46 -125 ƒ
47 -68 ¼
48 61 =
49 53 5
50 -76 ´
51 -48 Ð
52 82 R
53 -47 Ñ
54 49 1
55 -80 °
56 -122 †
57 60 <
58 -69 »
59 122 z
60 -119 ‰
61 10 

62 -106 –
63 93 ]
64 34 "
65 -95 ¡
66 51 3
67 -78 ²
68 115 s
69 -126 ‚
70 56 8
71 -73 ·
72 69 E
73 74 J
74 92 \
75 -90 ¦
76 39 '
77 33 !
78 -91 ¥
79 38 &
80 68 D
81 98 b
82 -105 —
83 -92 ¤
84 37 %
85 47 /
86 106 j
87 66 B
88 -85 «
89 44 ,
90 -79 ±
91 50 2
92 -117 ‹
93 -102 š
94 54 6
95 -75 µ
96 -128 €
97 40 (
98 -89 §
99 32  
100 -97 Ÿ
101 91 [
102 42 *
103 101 e
104 -127 
105 114 r
106 111 o
107 -72 ¸
108 57 9
109 110 n
110 -118 Š
111 123 {
112 -113 
113 97 a
114 -114 Ž
115 9 	
116 -120 ˆ
117 125 }
118 -65 ¿
119 58 :
120 -71 ¹
121 117 u
122 59 ;
123 -70 º
124 118 v
125 108 l
126 112 p
127 41 )
128 -88 ¨
129 100 d
130 48 0
131 -81 ¯
132 -108 ”
133 -121 ‡
134 -74 ¶
135 55 7
136 46 .
137 -83 ­
138 -116 Œ
139 67 C
140 -62 Â
141 43 +
142 -123 …
143 -124 „
144 -98 ž
145 -111 ‘
146 -99 
147 109 m
148 121 y
149 84 T
150 65 A
151 83 S
152 76 L
153 -110 ’
154 45 -
155 102 f
156 103 g
157 119 w
158 -93 £
159 113 q
160 104 h
161 -100 œ
